 140 250 143  11 233 212 210   5  48  99  18 167  34 135 124 118
 200 230 121 241 118  80 148 191  86 186 216  43 111 130  70 224
 193 106  24 184 165  61 234 175 225 241 229  31 163  41  30  46
 127  91 125  66 248 117 242 155  37 105  14 131  15 153  81 131
 168  29 252 140  74  85  89 205  19 113 236 157  91 200 122 159
  53 180  88 120 136  82 251  37 206 108 187 114 111 164  88  40
 228 183  11 100 220  87  34 216 212 213  26   9 111  66 211  68
  35  82 157  68  60 189  69   8  85 231  36   5  88 145  36  89
 139 101  83  32 242  58  34  48  63  77  62 103 196   8   7 159
  26  40 203 196  61  29
